# HFS GEN 

geometry was calculated by B3LYP/6-311+G(2d,p)

0 1
C     0.000000    0.000000    0.662719
C     0.000000    0.000000   -0.662719
H     0.000000    0.922420   -1.232492
H     0.000000   -0.922420   -1.232492
H     0.000000    0.922420    1.232492
H     0.000000   -0.922420    1.232492

C     0
S    6   1.00
      0.7427370491E+03       0.9163596281E-02
      0.1361800249E+03       0.4936149294E-01
      0.3809826352E+02       0.1685383049E+00
      0.1308778177E+02       0.3705627997E+00
      0.5082368648E+01       0.4164915298E+00
      0.2093200076E+01       0.1303340841E+00
S    6   1.00
      0.3049723950E+02      -0.1325278809E-01      
      0.6036199601E+01      -0.4699171014E-01      
      0.1876046337E+01      -0.3378537151E-01      
      0.7217826470E+00       0.2502417861E+00      
      0.3134706954E+00       0.5951172526E+00      
      0.1436865550E+00       0.2407061763E+00      
P    6   1.00
      0.3049723950E+02       0.3759696623E-02
      0.6036199601E+01       0.3767936984E-01
      0.1876046337E+01       0.1738967435E+00
      0.7217826470E+00       0.4180364347E+00
      0.3134706954E+00       0.4258595477E+00
      0.1436865550E+00       0.1017082955E+00
****
H     0
S    6   1.00
      0.3552322122E+02       0.9163596281E-02
      0.6513143725E+01       0.4936149294E-01
      0.1822142904E+01       0.1685383049E+00
      0.6259552659E+00       0.3705627997E+00
      0.2430767471E+00       0.4164915298E+00
      0.1001124280E+00       0.1303340841E+00
****






