# HFS GEN 

geometry was calculated by B3LYP/6-311+G(2d,p)

0 1
C     0.046549    0.665877    0.000000
O     0.046549   -0.757293   -0.000000
H    -0.863916   -1.068643    0.000000
H    -0.438858    1.076453    0.892307
H     1.089941    0.978818   -0.000000
H    -0.438858    1.076453   -0.892307

C     0
S    5   1.00
   1238.4016938              0.54568832082E-02
    186.29004992             0.40638409211E-01
     42.251176346            0.18025593888
     11.676557932            0.46315121755
      3.5930506482           0.44087173314
S    1   1.00
      0.40245147363          1.0000000
S    1   1.00
      0.13090182668          1.0000000
S    1   1.00
      0.67053540256E-01      1.0000000
P    3   1.00
      9.4680970621           0.38387871728E-01
      2.0103545142           0.21117025112
      0.54771004707          0.51328172114
P    1   1.00
      0.15268613795          1.0000000
D    1   1.00
      0.8000000              1.0000000
D    1   1.00
      0.11713185140          1.0000000
****
O     0
S    5   1.00
   2266.1767785             -0.53431809926E-02
    340.87010191            -0.39890039230E-01
     77.363135167           -0.17853911985
     21.479644940           -0.46427684959
      6.6589433124          -0.44309745172
S    1   1.00
      0.80975975668          1.0000000
S    1   1.00
      0.25530772234          1.0000000
S    1   1.00
      0.76572453250E-01      1.0000000
P    3   1.00
     17.721504317            0.43394573193E-01
      3.8635505440           0.23094120765
      1.0480920883           0.51375311064
P    1   1.00
      0.27641544411          1.0000000
P    1   1.00
      0.69002276350E-01      1.0000000
D    1   1.00
      1.2000000              1.0000000
D    1   1.00
      0.17992024323          1.0000000
****
H     0
S    3   1.00
     13.0107010              0.19682158E-01
      1.9622572              0.13796524
      0.44453796             0.47831935
S    1   1.00
      0.12194962             1.0000000
P    1   1.00
      0.8000000              1.0000000
P    1   1.00
      0.11704099050          1.0000000
****












