# HFS GEN IOp(5/33=1) GFInput IOp1=TimeStamp Int(Grid=999974) NoSymmetry Pop=Full 

def2QZVPD

0 1
O     0.000000       0.0000000000    0.1174085679
H     0.000000       0.7574933168   -0.4696342716
H     0.000000      -0.7574933168   -0.4696342716

O     0
S    8   1.00
 116506.4690800              0.40383857939E-04
  17504.3497240              0.31255139004E-03
   3993.4513230              0.16341473495E-02
   1133.0063186              0.68283224757E-02
    369.99569594             0.24124410221E-01
    133.62074349             0.72730206154E-01
     52.035643649            0.17934429892
     21.461939313            0.33059588895
S    2   1.00
     89.835051252            0.96468652996E-01
     26.428010844            0.94117481120
S    1   1.00
      9.2822824649           1.0000000
S    1   1.00
      4.0947728533           1.0000000
S    1   1.00
      1.3255349078           1.0000000
S    1   1.00
      0.51877230787          1.0000000
S    1   1.00
      0.19772676454          1.0000000
S    1   1.00
      0.69638535104E-01      1.0000000
P    5   1.00
    191.15255810             0.25115697705E-02
     45.233356739            0.20039240864E-01
     14.353465922            0.93609064762E-01
      5.2422371832           0.30618127124
      2.0792418599           0.67810501439
P    1   1.00
      0.84282371424          1.0000000
P    1   1.00
      0.33617694891          1.0000000
P    1   1.00
      0.12863997974          1.0000000
P    1   1.00
      0.43598162776E-01      1.0000000
D    1   1.00
      3.77500000             1.0000000
D    1   1.00
      1.30000000             1.0000000
D    1   1.00
      0.44400000             1.0000000
D    1   1.00
      0.12546378695          1.0000000
F    1   1.00
      2.66600000             1.0000000
F    1   1.00
      0.85900000             1.0000000
G    1   1.00
      1.84600000             1.0000000
****
H     0
S    4   1.00
    190.6916900              0.70815167E-03
     28.6055320              0.54678827E-02
      6.5095943              0.27966605E-01
      1.8412455              0.10764538
S    1   1.00
      0.59853725             1.0000000
S    1   1.00
      0.21397624             1.0000000
S    1   1.00
      0.80316286E-01         1.0000000
P    1   1.00
      2.29200000             1.0000000
P    1   1.00
      0.83800000             1.0000000
P    1   1.00
      0.29200000             1.0000000
P    1   1.00
      0.84063199228E-01      1.0000000
D    1   1.00
      2.06200000             1.0000000
D    1   1.00
      0.66200000             1.0000000
F    1   1.00
      1.39700000             1.0000000
****




