# HFS GEN IOp(5/33=1) GFInput IOp1=TimeStamp Int(GriE=999974) NoSymmetry Pop=Full 

Eef2QZVP

0 1
O     0.000000       0.0000000000    0.1174085679
H     0.000000       0.7574933168   -0.4696342716
H     0.000000      -0.7574933168   -0.4696342716

O     0
S    6   1.00
      0.1355584234E+04       0.9163596281E-02
      0.2485448855E+03       0.4936149294E-01
      0.6953390229E+02       0.1685383049E+00
      0.2388677211E+02       0.3705627997E+00
      0.9275932609E+01       0.4164915298E+00
      0.3820341298E+01       0.1303340841E+00
S   6   1.00
      0.5218776196E+02      -0.1325278809E-01      
      0.1032932006E+02      -0.4699171014E-01      
      0.3210344977E+01      -0.3378537151E-01      
      0.1235135428E+01       0.2502417861E+00      
      0.5364201581E+00       0.5951172526E+00      
      0.2458806060E+00       0.2407061763E+00      
P   6   1.00
      0.5218776196E+02       0.3759696623E-02
      0.1032932006E+02       0.3767936984E-01
      0.3210344977E+01       0.1738967435E+00
      0.1235135428E+01       0.4180364347E+00
      0.5364201581E+00       0.4258595477E+00
      0.2458806060E+00       0.1017082955E+00
****
H     0
S    6   1.00
      0.3552322122E+02       0.9163596281E-02
      0.6513143725E+01       0.4936149294E-01
      0.1822142904E+01       0.1685383049E+00
      0.6259552659E+00       0.3705627997E+00
      0.2430767471E+00       0.4164915298E+00
      0.1001124280E+00       0.1303340841E+00
****






